# Created by Octave 4.4.1, Mon May 06 14:21:09 2019 CST <cengzhiyuan@cengzhiyuandeMacBook-Air.local>
# name: top_idx
# type: matrix
# rows: 15
# columns: 1
 1507
 198
 6084
 5205
 98
 2130
 7414
 797
 2301
 5467
 6360
 5132
 2463
 1330
 1703


# name: top_weight
# type: matrix
# rows: 15
# columns: 1
 0.25266405047579449
 0.11481821396608809
 0.10918427995718594
 0.094979069147257539
 0.09174090873276225
 0.082698243615568018
 0.078006210941138826
 0.073162918631350382
 0.073057759649423876
 0.072518504475633544
 0.068535106310912391
 0.068334869044230279
 0.064817148163628047
 0.062754238632073994
 0.060762546126218751


